NÚMERO DE NODOS: 5
19 0.0245 
19 0.0127 
22 0.0181 
20 0.0108 
18 0.0125 
19 0.0155 
16 0.0123 
18 0.0113 
21 0.0199 
20 0.0106 
19 0.0101 
16 0.0096 
18 0.0137 
17 0.0102 
20 0.0085 
20 0.0085 
19 0.0111 
21 0.009 
18 0.0088 
19 0.0171 
16 0.0091 
16 0.0135 
18 0.0108 
21 0.0075 
18 0.006 
20 0.0065 
19 0.0059 
16 0.006 
22 0.0058 
18 0.0058 
17 0.0059 
16 0.0058 
17 0.0059 
20 0.0059 
21 0.0068 
19 0.0058 
20 0.0063 
18 0.0059 
19 0.006 
18 0.006 
19 0.0058 
18 0.006 
19 0.0054 
16 0.0055 
18 0.0051 
18 0.0053 
15 0.0052 
18 0.0059 
18 0.0053 
17 0.005 
NÚMERO DE NODOS: 6
23 0.0064 
23 0.0098 
23 0.0094 
19 0.0098 
23 0.0108 
20 0.0071 
20 0.0067 
23 0.007 
24 0.0067 
23 0.0067 
21 0.0066 
20 0.0067 
20 0.0066 
22 0.0282 
23 0.0094 
20 0.0069 
19 0.0065 
21 0.0083 
21 0.0066 
21 0.0067 
21 0.0068 
23 0.0064 
20 0.0065 
20 0.0068 
22 0.0066 
20 0.0063 
21 0.0063 
23 0.0066 
19 0.0065 
20 0.0068 
23 0.0065 
21 0.0068 
20 0.0067 
21 0.0068 
21 0.0065 
20 0.0081 
21 0.0065 
20 0.007 
21 0.0066 
21 0.0066 
20 0.0077 
22 0.0065 
21 0.0068 
21 0.0064 
23 0.0194 
22 0.0065 
20 0.0064 
22 0.0135 
23 0.0078 
21 0.0075 
NÚMERO DE NODOS: 7
25 0.0086 
26 0.0083 
27 0.0091 
24 0.0085 
22 0.012 
23 0.0085 
27 0.0082 
24 0.0083 
23 0.0092 
25 0.0082 
21 0.0146 
24 0.0136 
26 0.0247 
22 0.0271 
25 0.0036 
26 0.0039 
26 0.0035 
25 0.0056 
25 0.0037 
21 0.0035 
28 0.0037 
26 0.0052 
24 0.0053 
24 0.0053 
26 0.0053 
25 0.0044 
22 0.0035 
24 0.0035 
24 0.004 
24 0.0037 
23 0.0035 
23 0.0032 
23 0.0061 
24 0.0036 
27 0.0033 
25 0.0036 
23 0.0043 
24 0.0033 
29 0.0033 
25 0.0032 
24 0.0031 
27 0.0033 
21 0.0029 
27 0.0237 
23 0.0035 
22 0.0035 
27 0.0034 
23 0.0051 
24 0.0045 
22 0.0031 
NÚMERO DE NODOS: 8
27 0.0045 
25 0.0048 
28 0.0259 
29 0.0049 
30 0.0169 
27 0.0043 
28 0.0039 
27 0.004 
27 0.0043 
24 0.0044 
27 0.023 
30 0.006 
29 0.0061 
29 0.0045 
25 0.0045 
27 0.0041 
25 0.0061 
26 0.0037 
29 0.0037 
24 0.0037 
26 0.0037 
26 0.0054 
28 0.0044 
26 0.0041 
25 0.0544 
29 0.0039 
30 0.0043 
26 0.0042 
29 0.0042 
27 0.0045 
24 0.0042 
28 0.004 
26 0.0036 
25 0.0055 
25 0.0181 
28 0.0099 
30 0.0104 
28 0.0049 
29 0.0363 
28 0.0034 
28 0.0242 
26 0.0031 
27 0.0029 
25 0.0023 
24 0.0034 
28 0.0037 
28 0.0025 
29 0.0024 
26 0.0027 
28 0.0022 
NÚMERO DE NODOS: 9
29 0.0028 
28 0.004 
30 0.0055 
29 0.0042 
32 0.0045 
31 0.0046 
30 0.0035 
30 0.023 
30 0.0036 
32 0.0043 
31 0.0044 
32 0.0043 
30 0.0064 
29 0.0043 
31 0.0038 
30 0.0045 
30 0.0044 
30 0.0044 
30 0.0041 
32 0.004 
32 0.0044 
32 0.004 
31 0.0046 
30 0.0072 
28 0.0042 
30 0.0051 
30 0.0067 
32 0.0039 
28 0.0042 
29 0.0058 
33 0.0047 
29 0.0052 
32 0.004 
29 0.0044 
30 0.0039 
29 0.0241 
30 0.0042 
27 0.0039 
30 0.0037 
30 0.0042 
32 0.0045 
32 0.0056 
32 0.0044 
29 0.0041 
30 0.0042 
31 0.0048 
28 0.0038 
33 0.0038 
33 0.0071 
30 0.0072 
NÚMERO DE NODOS: 10
33 0.0045 
33 0.0053 
33 0.0046 
33 0.0048 
32 0.0043 
34 0.1619 
34 0.0678 
33 0.0128 
32 0.004 
34 0.0049 
34 0.004 
32 0.0041 
33 0.0042 
36 0.0043 
33 0.0043 
33 0.0047 
36 0.0044 
36 0.0045 
34 0.0048 
35 0.0045 
34 0.0075 
32 0.0041 
30 0.0214 
34 0.0368 
34 0.0041 
34 0.0044 
33 0.0053 
33 0.0044 
36 0.0043 
33 0.0039 
33 0.0041 
33 0.004 
33 0.0041 
31 0.0041 
36 0.0046 
34 0.004 
31 0.0046 
33 0.0044 
32 0.004 
34 0.0045 
33 0.0039 
33 0.0052 
32 0.0042 
33 0.0034 
36 0.005 
34 0.0042 
30 0.004 
30 0.0037 
32 0.0043 
35 0.0039 
NÚMERO DE NODOS: 11
39 0.0052 
35 0.0047 
36 0.005 
39 0.005 
36 0.007 
40 0.0049 
39 0.0049 
37 0.0053 
38 0.0052 
36 0.005 
37 0.0055 
37 0.008 
39 0.008 
39 0.0087 
36 0.0081 
36 0.0079 
35 0.0077 
36 0.0077 
40 0.0076 
37 0.0083 
36 0.0082 
36 0.0074 
36 0.008 
36 0.0075 
35 0.0164 
37 0.0079 
37 0.0078 
34 0.0081 
38 0.0074 
37 0.008 
38 0.0082 
37 0.0078 
37 0.0076 
36 0.0076 
35 0.0078 
34 0.0077 
36 0.0074 
36 0.0083 
39 0.0076 
40 0.0073 
38 0.0076 
37 0.0082 
38 0.0077 
37 0.008 
35 0.0084 
36 0.0087 
40 0.016 
37 0.008 
37 0.0075 
35 0.0074 
NÚMERO DE NODOS: 12
38 0.0089 
40 0.0088 
39 0.009 
42 0.0093 
42 0.0086 
40 0.0085 
39 0.0086 
39 0.0103 
40 0.0083 
40 0.0067 
40 0.0088 
42 0.0073 
38 0.0057 
43 0.0088 
42 0.0144 
38 0.0075 
41 0.0083 
38 0.0081 
38 0.0083 
42 0.008 
39 0.0074 
37 0.0083 
42 0.0083 
39 0.0079 
42 0.0089 
41 0.0074 
42 0.0063 
38 0.01 
41 0.0086 
39 0.0102 
39 0.0088 
40 0.0087 
40 0.0087 
42 0.0089 
40 0.0081 
40 0.0085 
41 0.0084 
39 0.0161 
39 0.0081 
39 0.0108 
39 0.0052 
39 0.0054 
40 0.0063 
38 0.0057 
42 0.0061 
41 0.0053 
41 0.0053 
40 0.0052 
41 0.0055 
41 0.0055 
NÚMERO DE NODOS: 13
42 0.006 
43 0.0065 
43 0.0057 
43 0.0059 
43 0.0065 
41 0.0059 
44 0.0067 
43 0.0099 
39 0.0112 
41 0.0097 
44 0.0105 
43 0.0077 
43 0.0209 
40 0.0181 
42 0.015 
44 0.0186 
40 0.0095 
43 0.0153 
42 0.0099 
43 0.0087 
46 0.0091 
45 0.0089 
43 0.0144 
43 0.0132 
41 0.0171 
41 0.0087 
42 0.0089 
44 0.0097 
43 0.0122 
40 0.0088 
40 0.017 
43 0.0086 
40 0.0097 
44 0.021 
41 0.0063 
44 0.008 
41 0.0097 
44 0.0082 
42 0.0105 
44 0.0085 
46 0.0115 
43 0.009 
43 0.0065 
44 0.0059 
43 0.0066 
42 0.0061 
45 0.0101 
45 0.0094 
44 0.0097 
44 0.0098 
