NÚMERO DE NODOS: 5
17 0.053 
18 0.0379 
21 0.0379 
20 0.0437 
18 0.0423 
19 0.0223 
16 0.0206 
18 0.0197 
19 0.0194 
19 0.0261 
19 0.0181 
16 0.02 
17 0.0272 
17 0.0187 
19 0.0195 
20 0.0194 
19 0.0205 
21 0.027 
17 0.0198 
18 0.0208 
16 0.0189 
16 0.0222 
18 0.0185 
20 0.0185 
18 0.0201 
20 0.0194 
18 0.0189 
16 0.0199 
21 0.0186 
18 0.0268 
17 0.0242 
16 0.0188 
17 0.02 
20 0.0202 
20 0.0188 
18 0.0184 
20 0.021 
17 0.0189 
19 0.0212 
18 0.0198 
19 0.0186 
18 0.021 
17 0.0221 
16 0.0182 
18 0.0181 
18 0.019 
15 0.0178 
18 0.0182 
18 0.0202 
16 0.0179 
NÚMERO DE NODOS: 6
23 0.1288 
21 0.1057 
21 0.1079 
19 0.1734 
23 0.1541 
20 0.103 
20 0.1079 
22 0.101 
22 0.1379 
22 0.093 
21 0.1228 
20 0.0983 
20 0.0901 
21 0.1069 
20 0.1005 
18 0.1087 
19 0.1183 
21 0.1072 
20 0.1002 
21 0.0912 
21 0.0986 
22 0.0922 
20 0.1043 
20 0.1161 
20 0.101 
18 0.0917 
19 0.0542 
23 0.0358 
19 0.0392 
20 0.0426 
23 0.0462 
20 0.0471 
20 0.0229 
20 0.0228 
20 0.025 
19 0.023 
21 0.0222 
20 0.0223 
21 0.0231 
21 0.0239 
19 0.0225 
19 0.0222 
21 0.0232 
19 0.0307 
22 0.0444 
22 0.0224 
20 0.0214 
22 0.045 
22 0.023 
20 0.0223 
NÚMERO DE NODOS: 7
25 0.161 
26 0.166 
25 0.1578 
24 0.1607 
22 0.1681 
23 0.163 
25 0.157 
23 0.1822 
23 0.1594 
24 0.1853 
21 0.1577 
24 0.1656 
26 0.173 
22 0.1706 
24 0.1583 
25 0.1579 
24 0.1649 
23 0.1706 
22 0.1527 
21 0.1612 
27 0.1906 
24 0.1565 
24 0.2183 
24 0.1721 
26 0.1739 
22 0.1576 
22 0.1571 
21 0.1675 
21 0.1655 
24 0.182 
23 0.177 
22 0.2078 
22 0.1601 
23 0.1577 
24 0.2072 
24 0.1589 
22 0.1652 
22 0.1564 
28 0.1596 
24 0.1675 
22 0.1546 
24 0.1552 
21 0.1598 
27 0.1566 
23 0.1637 
22 0.1634 
26 0.1576 
23 0.1631 
23 0.1558 
22 0.1574 
NÚMERO DE NODOS: 8
26 1.311 
24 1.3274 
27 1.348 
27 1.0782 
27 0.8344 
25 0.8011 
27 0.7927 
26 0.8506 
25 0.8733 
24 0.9829 
25 0.9325 
28 0.8906 
25 1.0295 
27 1.0232 
24 1.0039 
25 0.951 
25 0.7932 
26 0.8784 
28 0.77 
24 0.7775 
25 0.8405 
26 1.0025 
27 0.9113 
25 0.9062 
25 0.9258 
27 0.9399 
28 1.033 
26 0.9806 
27 1.0762 
26 0.9757 
24 0.9054 
25 0.9193 
26 0.9092 
25 0.9337 
25 0.9916 
27 0.9976 
26 0.9309 
27 0.903 
27 0.9879 
27 0.9492 
26 1.0241 
24 0.907 
27 0.9075 
25 0.8745 
24 0.8801 
28 1.037 
28 1.0521 
25 0.8978 
25 1.1166 
27 0.8688 
NÚMERO DE NODOS: 9
28 8.9 
28 9.2174 
29 8.7693 
29 9.1768 
29 9.658 
30 9.4212 
29 9.2328 
29 9.266 
29 8.7239 
30 9.9298 
28 10.0411 
31 9.5267 
29 11.6229 
28 12.8965 
28 9.2538 
29 9.2479 
28 8.9272 
28 8.8488 
28 9.1698 
30 9.283 
29 9.3877 
28 10.3316 
29 9.6696 
30 8.9274 
27 9.0945 
29 8.8324 
30 9.7223 
30 9.7923 
28 9.2563 
28 9.2414 
31 8.6509 
29 9.0218 
28 9.0622 
27 9.8451 
28 8.4991 
29 8.6688 
29 8.927 
27 7.8762 
27 8.4939 
27 8.6642 
29 8.4953 
29 9.3443 
30 10.1369 
28 9.8858 
29 8.8863 
30 8.3325 
27 8.5154 
33 9.7919 
30 12.8188 
30 9.2783 
NÚMERO DE NODOS: 10
30 97.2299 
30 88.5811 
32 89.7395 
30 84.3758 
30 85.4644 
33 78.7777 
31 78.7846 
31 78.0611 
31 80.5774 
31 74.5983 
32 74.6178 
32 75.7092 
31 75.7049 
35 78.3665 
31 78.1664 
32 78.9799 
32 79.3059 
31 80.9705 
32 76.5839 
33 76.3994 
32 78.5533 
30 76.3128 
30 76.6362 
30 81.3386 
34 77.1295 
32 76.3747 
31 82.5503 
32 77.1275 
35 77.5209 
32 79.8639 
31 77.2461 
31 78.5877 
32 79.4025 
30 76.2179 
31 76.6213 
32 76.3925 
31 76.0536 
31 76.2164 
31 78.5901 
31 75.2274 
32 75.1957 
31 75.2372 
30 73.8486 
31 77.1893 
34 80.2162 
32 78.7514 
30 76.337 
30 78.5423 
30 75.1437 
31 74.7099 
NÚMERO DE NODOS: 11
34 848.1445 
33 852.1596 
33 879.2149 
35 913.8524 
34 923.9434 
33 939.1153 
35 876.0924 
34 867.0066 
34 862.8504 
34 932.0422 
36 911.8766 
35 1043.3915 
33 1064.2462 
35 1035.7389 
35 1034.4226 
35 1057.5173 
33 1145.2076 
35 1079.0234 
37 1042.923 
36 1045.2714 
35 1038.1742 
34 1035.2712 
34 1033.6171 
33 1034.0765 
35 1034.7414 
33 1077.6092 
34 1044.8301 
34 1035.6185 
36 1044.4439 
33 1058.5695 
36 1061.1846 
33 1050.6193 
33 1034.1902 
35 1033.5401 
33 1042.3403 
33 1038.2476 
36 1052.8541 
33 1157.1756 
34 1325.1332 
36 1075.759 
34 1128.2316 
34 1039.3673 
33 1111.2826 
36 1072.3496 
34 1038.0319 
35 1064.2815 
37 1039.4762 
35 1038.9717 
34 1044.9906 
33 1037.6412 
NÚMERO DE NODOS: 12
37 12781.5812 
37 12797.6821 
37 13531.8415 
40 12888.1144 
40 12913.1964 
36 13038.6813 
37 13063.0332 
36 14021.4964 
38 14894.3372 
38 13512.7405 
38 12283.4264 
36 12206.2008 
36 12221.4504 
37 12256.6461 
38 11925.4583 
36 11769.4809 
37 11960.9104 
37 11973.877 
37 11982.6416 
39 12571.6996 
36 12034.6949 
36 12255.1904 
37 12069.099 
37 12194.3626 
38 12179.661 
37 12121.904 
37 12872.5777 
36 13099.1853 
37 12879.1536 
36 13187.8274 
36 12872.0926 
38 12981.8734 
38 13021.0019 
37 12897.9806 
37 13153.1244 
37 14456.7066 
37 12618.0788 
36 12948.6897 
37 12321.8781 
36 10794.0989 
36 10269.1277 
38 10298.7244 
38 10312.2778 
36 10307.0696 
39 10299.197 
38 10287.6527 
38 10269.2352 
37 10266.2257 
40 10252.0335 
38 10276.516 
NÚMERO DE NODOS: 13
41 136034.4783 
42 134882.4443 
40 135909.4044 
41 136015.5547 
39 134935.5198 
40 135282.0378 
40 144432.0573 
40 177021.4708 
39 180531.3508 
39 177510.6283 
39 231144.3675 
41 251569.9937 
41 406733.6925 
39 311276.0519 
39 328367.1118 
40 322274.7661 
39 300603.7743 
40 263648.4133 
39 281498.4649 
39 310582.0605 
39 283039.6285 
40 279764.2167 
39 309029.3588 
40 311161.101 
39 283324.4677 
40 276236.018 
39 270851.4895 
39 310557.5131 
39 289312.5314 
39 295490.4814 
39 314000.3596 
40 305532.9769 
40 361543.2414
40 322664.2667
39 145612.1054 
41 166445.3753 
39 177305.281 
39 206348.7346 
39 187667.2316 
41 180404.952 
41 177390.8306 
39 174831.8533 
39 141696.3388 
39 141840.1384 
39 141644.2516 
39 162915.9504 
41 177356.9959 
40 176910.519 
39 176770.3563 
40 187351.7514 
